85171
111585
79345
124587
105415
18839
107341
140969
130501
90515
101711
124230
22748
20762
12343
19819
66430
49376
71104
107064
4734
138907
14614
2209
7910
15480
6817
28954
10984
34945
117433
46763
139620
19496
10611
138770
49520
129215
140785
79613
135379
103920
18047
25478
18573
18173
40611
109944
44742
11822
95238
1777
143419
89769
127786
129862
1511
121779
38008
4610
18647
114467
69384
30366
139626
54510
74924
104932
64623
122261
109561
99544
142666
119305
30017
82634
23725
18905
96072
121644
30245
40674
111273
4568
128465
36894
13148
90712
85139
15806
78406
14640
118373
124430
69117
21759
27002
82692
92438
97757
32192
122285
8341
138457
27134
77670
31479
65716
91234
4019
79295
136840
80763
26306
129227
26898
3980
68686
19324
128629
129999
123839
73148
98792
136399
11040
19588
47237
41708
61547
53400
66626
139544
51943
8252
136855
6042
124427
6063
1226
65278
68051
133325
6726
18227
41270
7083
110667
23225
118614
87098
9309
61352
104261
27818
29962
84521
37643
114607
84836
90085
16657
106234
41013
27144
95044
37058
109235
118455
125111
6583
3514
4392
60207
139767
63579
16721
82401
66562
77360
32361
140905
2908
65061
50204
137964
58535
113438
30178
58887
71540
127934
44896
133043
73263
116091
123562
112576
48798
59508
27012
8801
10002
63466
96131
13394
25823
10983
79562
65192
88165
52411
120270
140009
134860
98740
34269
143480
51472
131031
101362
17998
91367
90151
131588
87483
72148
103417
23839
53573
133487
31385
33394
74480
1074
128712
41122
63032
99200
101788
13127
26997
71667
3055
48914
3207
134941
130370
111546
143525
142120
53320
115400
43518
66973
58743
3416
117755
43458
14666
60143
102500
13481
111686
110618
94123
97160
100990
8315
135407
10872
9496
89205
7714
68912
42780
50701
73460
11574
5838
69847
103193
28844
938
73111
129303
67531
22810
51640
17525
117899
83261
141695
125723
97658
106372
92119
63347
55635
52131
103703
100197
77205
12819
41459
67669
10076
44491
131981
134431
20874
126356
139533
11776
10391
26541
100802
134003
107954
107910
69510
117025
76305
81858
9614
22452
113247
36576
36246
68255
5883
76440
128149
41656
27373
71738
52802
49385
35216
128849
66350
2465
28064
30109
14003
117293
56772
134540
15867
113602
121823
2941
19293
6879
23239
109232
106588
64552
104661
67685
72848
115534
50316
109278
99481
3082
116217
41080
11499
33446
139465
116723
14465
102670
56174
137087
53906
32739
75647
4618
433
66354
66864
130367
95141
16424
133248
99852
110182
10976
53690
131508
71471
104421
97182
81179
83644
137073
50397
23138
51939
98101
61239
110795
74106
49100
121392
125418
34134
101806
90078
25742
28381
16020
49452
89703
26027
133546
95259
72092
42910
116167
93736
46943
3451
16291
60203
104268
23184
43199
89005
46095
70037
141921
39526
59783
43607
18624
109735
50288
68384
119300
142582
39985
103470
74621
64906
31296
52189
51920
8054
62225
124782
18596
136033
33139
142274
122363
27411
123745
65636
27152
17675
38205
8218
38195
137523
87040
51352
56075
119349
84192
50150
27565
130533
1250
116311
36211
112580
61987
9435
112030
122961
134531
123854
92904
101300
139487
77049
100950
83365
94078
82141
123359
52963
15933
14719
113638
27770
28618
67927
40614
125685
4474
39483
75795
21372
116991
58913
85220
136403
7901
138104
111366
53278
49187
61957
14018
107970
142445
97638
65072
99463
50911
86462
27959
13803
69251
73828
6875
123965
143888
115932
42113
10140
17103
122362
102308
94470
95911
30214
44753
61524
951
130973
64113
65291
141817
18292
93239
83257
135909
54863
61457
102515
99576
40713
25977
131506
31463
64146
42481
11899
31352
66506
119197
78007
50172
28991
38669
93487
93650
29119
45540
57518
69946
124019
20935
51280
75501
109788
37512
16889
12860
68975
104815
15193
19617
80586
40062
131351
107688
21312
142660
91583
44422
86121
51601
27391
72540
51866
133642
96032
53744
110657
139861
79023
120704
21299
23612
78038
88177
107013
128024
24023
132039
119768
43520
3297
95853
88136
64377
14404
128118
40174
29371
17843
22418
36649
72964
69494
25513
107723
76978
20919
109640
91882
20361
46876
73676
100110
136977
96203
120937
130737
49367
97815
8306
125698
46821
36258
130587
24333
43609
110673
120248
93945
139921
39523
115130
15376
8705
117455
119057
14279
59428
125182
44889
73193
76017
88273
41338
47467
92534
110426
11388
84789
103477
62975
135410
57102
126309
37694
41253
134460
28720
116910
4319
35000
125533
15422
16908
61319
68134
120552
55783
43242
2291
121763
86207
122510
82257
32804
74503
119073
81831
135397
21436
119147
84275
15291
48668
30365
88320
31883
36471
39695
843
43868
7342
66701
127065
27661
2688
1720
130931
120220
9396
128347
86131
66859
88131
1231
5483
98945
54863
97641
56878
109179
10633
142804
62676
37866
110821
61768
83674
29277
92407
17124
98754
117533
102279
81177
22155
78098
36208
107784
59894
9441
93923
78729
39003
80416
92914
30504
66077
15772
106157
98421
122128
44984
143111
45433
13578
17780
21991
34776
75578
76123
19968
135024
9529
8590
41862
19495
131266
68093
30263
36467
73729
108128
44561
141635
100816
7270
99109
118391
102094
77626
139602
25043
51046
5779
112223
21843
3841
20762
108400
73548
22277
67299
111438
114190
140594
79378
55021
16360
38537
71650
93367
24247
43434
45117
98180
22503
70979
112565
118382
83647
20962
60636
88646
4720
33011
78232
50290
11178
35833
81059
57754
138799
125618
117060
71094
137010
8521
39449
95833
70235
78439
78735
51462
88919
18310
75405
143934
63876
96077
36538
108003
42347
55502
63321
112010
32564
105986
77364
96205
5606
48215
77409
36245
58580
89129
67876
125192
85064
59713
113892
57903
90837
78309
39941
76738
128412
36173
26980
132787
37354
141766
115124
127126
121878
98458
123775
120516
75276
15466
39952
23047
61528
2438
106234
74245
16442
25274
94464
15057
134920
52246
12922
120354
9939
91540
103897
55178
121271
14956
77167
111704
59496
39437
37516
62262
90791
131464
131115
121769
3831
124997
110385
57784
142233
18469
87888
359
135031
116168
113363
132367
40871
70992
19432
94381
70406
112485
105389
102282
64543
122559
70611
94422
16753
89649
25548
22874
117487
130764
41137
114266
1194
53547
136830
128158
13260
12225
70671
135936
43877
25105
132371
125730
98492
77361
28925
139839
2192
50444
141468
24622
49865
50380
589
15465
48479
131349
140475
63385
85019
122241
35580
80412
32211
62210
68755
3423
81822
94777
79649
52157
114023
123517
77829
136341
26772
60152
962
89825
97657
75598
126787
70619
67374
140492
78797
46883
33677
74828
65848
37393
9360
22600
92928
5504
3116
67338
19134
70931
114008
37379
131961
4011
95735
26984
27430
129902
12076
40458
115216
43796
12967
116546
31465
75120
65781
77416
137930
121563
90328
99494
111150
115295
20687
42005
55678
1753
135034
85088
119938
79127
96840
101894
116889
23682
119970
107340
69877
115733
81666
73599
38426
44233
137117
60131
114021
13193
138996
42803
77629
56935
143117
19766
89722
70710
11763
24174
136467
87010
122144
52623
136145
17801
110117
92669
76435
92274
71545
135994
143274
53387
46507
102377
86311
37321
36951
122321
36382
63997
31115
33933
72594
29113
112196
72642
119359
78642
42892
73997
31976
14280
29132
70065
76138
7782
39215
65454
18842
17504
130970
57119
74914
122915
106500
82525
114195
58892
18580
31576
104415
55286
28327
5883
20916
4074
73707
138863
140285
87791
139277
87543
133608
44428
50240
897
111447
97199
80319
92578
27425
46274
52525
18625
37801
77217
21461
47388
75034
88923
129975
110724
98398
11353
71591
101759
37036
65101
51164
11325
139584
91799
98513
28180
76043
62280
60556
61268
2484
94573
21878
13631
72115
125268
35263
199
54813
43355
98156
129536
95388
76558
124246
67114
58079
135981
124809
23466
49058
90703
6761
2166
40061
93403
137698
42313
63251
69530
31945
139294
68783
6960
47048
76644
121795
107095
13081
62355
106614
122383
68837
79382
105255
80901
125823
60146
49089
6536
97758
47108
64667
92031
27157
55101
13412
124343
10583
126681
110557
138852
88922
92504
72499
105547
104975
128534
141998
26384
4743
127518
65066
63330
35341
91207
64438
87679
65785
131090
1975
75856
93101
114018
22269
60606
51811
103097
134626
116208
54558
97169
102969
19851
30670
28670
41584
9110
86243
105049
97865
15776
39975
91097
27646
53553
25526
96105
37606
21296
19339
235
90902
80187
29848
125412
87010
138760
76383
48581
62421
129009
65951
41132
71614
115491
107340
128951
132639
44772
80332
94706
92052
109268
35660
82972
67766
140799
24902
96683
107496
9493
108072
127351
98153
4826
25108
133837
84045
128869
40317
119884
141830
62701
79302
94427
11516
83671
92785
30767
32375
60532
116678
32636
116752
42372
113357
128531
62205
9394
34611
124743
66540
113861
15303
83780
67008
68603
124701
118658
73100
81606
118267
67077
7573
132323
29646
10671
137330
106894
67762
50850
10108
35484
14242
138966
37428
124640
132025
14861
71400
116890
17471
96033
131467
104320
27328
28312
52454
54684
29412
72800
115352
91315
115765
109183
46658
124437
116253
121022
95869
77035
78507
13445
53657
27241
38201
19166
126454
1584
4921
98560
40443
53304
24105
1804
66323
75227
100899
47675
48210
34230
37883
21446
140074
126000
66047
12321
14358
40754
89314
136028
118427
16441
91139
73451
52597
18552
2957
111728
69306
29217
122143
111625
87072
34948
53405
115770
105674
24895
113695
19763
17765
19970
76322
47087
49469
122718
56485
100983
105131
143101
138502
7961
12128
88721
6518
17138
37978
97191
133242
66569
138192
43915
130359
142859
31296
19083
54996
64699
51852
51545
33201
31636
101325
143747
24201
81909
77961
119383
140632
70023
51427
104959
35509
126725
51621
107388
81551
120303
143822
8496
91696
97946
130314
23585
8334
124673
14592
138504
100748
129200
6271
61689
58081
45300
40361
101312
65186
39047
68220
143976
55317
117330
116975
135862
94510
80205
43002
115592
138414
39886
23223
90643
29211
23543
117942
31096
88769
98280
117265
103681
402
114590
59252
70236
109100
80753
84416
37571
52917
132052
26483
93632
24122
73587
7840
55532
52357
7576
137144
52047
29577
38737
52783
32744
132943
129528
79624
46210
81850
127405
105438
69589
66453
114839
104476
125064
19961
22918
62535
134999
48689
121310
67224
47195
105466
135958
119009
19097
133447
3178
111865
6368
83058
131820
22276
60753
71133
124408
94595
123396
121774
111440
82916
109106
62561
107888
119913
69421
83345
13596
30275
57816
105124
104801
69926
19252
43883
117888
20674
89922
89461
351
27949
120949
85158
102984
5930
28135
50950
122386
20489
44158
105064
47970
130605
70131
108777
143513
46789
6616
132393
130449
70197
133958
22764
119903
118792
130677
48774
18925
37182
40767
20290
13632
79392
46923
9907
49285
86282
129256
43288
73631
86126
116783
68343
126712
51896
103541
114896
63288
134842
123433
96148
30141
119833
80157
115989
43670
52138
29703
39282
104925
77420
141772
63616
86636
139576
130436
48416
40233
70098
119162
109474
33737
91286
35044
62865
59787
75236
88893
134813
85196
111191
84867
3191
129646
61183
44442
39793
56784
56289
74215
95432
121280
143881
73538
41494
52700
22590
67288
128646
74002
62145
12625
106582
98192
49594
134806
9566
124367
34085
72585
85733
8252
15353
53647
20877
87236
43648
93270
21749
97412
81628
79103
44143
91038
57829
5808
70060
88049
20690
2028
51351
142401
101731
127019
49814
49806
114752
12192
125926
134243
133572
54655
2768
94457
51334
119704
44678
76251
111077
22759
18464
91693
31655
83150
126645
79968
52179
44857
61603
114081
99089
140798
105704
11714
18586
105785
112733
86130
2245
32008
88216
113715
18334
87973
114133
36194
5567
138521
116346
60494
114253
94560
34218
47862
119634
115762
5073
142539
19096
36962
112488
97294
44106
74099
105765
89987
111553
62150
55137
122193
87675
6822
8572
97234
58457
46161
51287
141507
52266
90299
53495
48327
31901
50269
22610
59410
77925
37463
104408
122262
68489
143736
95417
58738
39156
11096
108768
139576
105062
66564
70733
104460
3516
99202
58262
119925
6686
47916
66963
105120
38717
70519
34350
107151
49611
121526
68241
126923
103286
62052
91189
111996
29364
15294
81158
133257
34567
69239
3932
43510
47416
48060
24089
88409
44923
61518
138571
68247
91706
119824
31669
56134
74088
11534
139851
120538
94851
82206
96122
54569
13415
54516
60486
61925
24867
7143
98209
52838
128672
57670
4147
36328
51685
122907
18537
78369
120978
17281
38088
116389
62712
29056
133789
124351
38155
70233
123826
101063
60224
22289
55496
122711
19527
44283
94232
31174
128204
619
51222
79634
99404
15271
79540
116231
59105
43319
130919
54712
39444
141990
103019
10302
55047
111504
38383
140178
135681
67122
36442
119869
135651
20168
143127
63221
34681
110573
138340
37264
129430
111016
129408
116079
73350
10201
58738
132999
95599
64617
54186
69599
76075
64798
75665
78920
60086
23779
62331
85355
137145
27036
137758
100840
102482
106911
7439
26289
120794
111732
107453
102859
18198
7521
102545
109444
9656
106725
3448
42208
26827
68153
96901
11169
97477
123720
9963
75072
115350
141783
21260
32516
4151
37451
80029
111062
10735
66110
66488
32452
137342
117132
105733
46269
8489
41535
34670
91528
125964
70657
110189
107053
141735
31047
103623
107921
97115
73947
122735
137162
80079
31355
10243
17961
62836
50974
14138
54124
57214
12850
55180
140728
35372
74593
64712
49855
33586
7912
137034
114031
43580
78070
142383
22941
55124
94696
12646
53644
12712
123723
125117
13539
2463
48014
134710
84582
66200
58271
132610
59493
90685
114840
91689
53113
67309
12101
122407
75402
55535
118474
29615
132504
69017
24776
27262
63856
83120
74471
46877
100637
42689
47296
106386
25491
96878
103710
63779
93089
121556
72454
92327
31000
53727
108223
70796
17167
68975
43043
51096
92618
67277
11008
111649
27079
142448
104843
70323
18792
138110
22364
6828
24386
105655
68713
64119
78564
73172
38958
15577
78890
38404
128167
124232
20498
87342
110371
36976
83314
12296
25506
48689
70395
108934
80771
5796
81011
63352
131560
108040
43857
29471
133430
3522
101694
128331
130126
25074
122256
23301
55773
131435
117195
1933
136979
90015
121405
19800
107912
18616
48491
84497
28212
100498
100334
847
119774
33304
83546
62089
38226
54508
44638
53083
89486
37306
36310
47960
109486
37972
10707
57612
77545
99294
97357
93610
18898
119122
48601
137605
57064
126829
103180
26764
133662
70812
51786
111958
45728
87332
97134
100924
50933
91137
88750
106075
22083
46408
118470
127568
125097
133290
13969
9933
8951
135994
58773
30152
123725
28853
56461
25697
71109
33647
103914
35591
132019
73274
61916
54056
140723
30634
61105
90852
58732
131641
133425
18256
92489
111739
50292
5524
139244
81833
97023
123752
125002
127040
107976
40312
143051
99786
110628
18810
17100
87427
52230
106862
107510
69449
143987
108688
109477
80264
9354
39807
116843
128786
21582
58035
121388
25524
130464
75267
100901
35130
135563
6855
88967
15906
75876
15245
22330
82598
106338
21615
28808
58011
87256
15055
56550
7099
106198
64146
41962
42744
28283
28366
61534
85294
19990
83248
96508
128676
135243
27329
124362
119631
103957
98652
109305
103616
55112
140642
72382
74763
132113
8758
124062
98716
100539
125516
58360
100599
17970
82336
12641
130559
15953
68950
60028
24918
54592
83059
56050
120496
104548
31368
133314
73356
10394
138792
128030
81558
94687
120755
32124
43012
29589
128040
71306
94834
63477
143977
49409
90990
44778
81401
51597
3900
71279
102497
113573
43398
108908
143542
23130
4972
15863
62504
89708
80515
113458
66003
79609
73395
106180
134537
60568
74017
2672
48084
8041
76974
25181
46291
35016
66216
74627
38572
101480
83993
116307
125396
82337
140526
69051
27604
47427
119898
86900
132493
121355
130473
77298
16488
27934
134052
23603
12349
132957
70415
96192
80082
69144
118007
129036
35257
62918
125103
69696
102401
98314
112796
98543
14408
21453
19930
141394
106349
127767
49988
142383
84019
77913
60703
119740
142928
70801
130531
89433
21501
103287
89496
84535
111056
27129
115069
64805
73746
113725
74285
125164
136026
13903
138771
112319
108594
82798
47760
77076
39109
66687
80115
66385
67564
26694
210
90730
124030
50750
35912
32076
61337
111465
6775
136164
56829
116114
141229
80394
89062
16097
97240
61385
110952
143193
132554
82570
135701
8967
20731
114997
33371
27949
38982
95144
29108
97012
88543
79775
127679
107434
49099
13516
68285
16294
65209
105956
30290
32868
22604
122441
84711
121825
21423
66021
57151
15957
103646
52692
99818
42214
75629
73691
83763
37055
142029
105092
124078
62791
131955
52611
80212
18649
35349
106765
72311
31535
70270
52403
107338
62583
28908
68870
38690
135885
110124
56026
143623
89279
55121
91008
11735
103848
37361
108550
43677
132628
129234
74193
91018
59993
2036
55155
60974
136778
15513
13401
110271
89378
833
24436
74579
20879
85685
119567
61965
1566
138241
58556
5424
81424
110179
70087
102104
26824
76459
82242
134699
116087
116312
119884
1013
12617
26617
107343
43943
43909
33831
142455
108703
74315
72964
110158
107311
56966
23560
39424
27333
51019
22705
6280
138006
126311
138959
38587
44299
66001
70349
112723
120759
75890
135658
32737
59549
74418
142215
38208
123795
90057
67194
33188
35455
107364
56442
111277
10124
129952
37940
92315
98352
48655
46262
101180
66187
14797
76934
82387
109800
16808
131852
93207
124923
76709
91460
64559
37228
70470
56943
131266
52697
33105
70267
34543
140131
131929
21209
95263
79070
8439
10420
107305
115681
87860
13205
85452
47362
117917
43691
18884
100317
141202
138798
51097
23553
23882
128086
121644
37211
70996
113514
5014
6833
102456
96994
130241
61311
8091
680
45268
99978
49831
132308
123518
95835
123648
135639
101410
114022
48430
93595
47841
97767
29048
62011
129029
17494
58359
33529
87484
21211
110253
80583
31939
19273
56690
51316
37945
86118
40601
143637
82932
20304
139496
120966
38115
48040
71285
66831
45468
64108
15416
138095
108076
129006
37631
94614
134029
46203
33904
79572
114465
100168
112673
136579
11376
111856
113092
93787
74190
40742
19396
70932
115952
40290
35697
128683
119145
62076
93975
5471
24158
104368
19302
119211
57927
94005
133819
54709
56819
20981
30564
50723
122173
127002
128441
35694
88756
129377
53415
130603
84807
34077
112758
66227
128988
87629
136237
121875
42851
82113
84413
58805
394
78882
74507
22901
13705
102320
79833
8210
115956
45643
124727
44019
96217
19534
124365
86795
106518
63043
91321
23746
132068
11730
41496
19234
1343
34684
3436
73806
139665
101938
98853
120063
121589
14449
101757
64243
24928
125287
53080
11269
6209
72156
117998
56820
105360
90508
121551
60154
83206
124039
88807
135705
98640
128060
112303
109463
101063
58813
57616
19804
41810
130135
54617
57829
142732
51917
42177
96052
124161
11894
122169
65283
43290
13697
3755
41784
67997
18600
102769
38706
2013
66004
69175
115319
39470
63617
48568
126943
78628
64544
52857
106985
77693
106450
134031
48098
115767
28317
60098
79183
103257
57700
111765
78531
126903
30616
84195
85385
2691
99310
51451
93351
130234
133308
129329
26205
57501
84126
25576
5809
40228
124763
52196
93127
48043
85054
20183
63573
95818
99620
8245
33289
112471
80694
126763
41113
72567
95823
29356
72778
7687
143427
98787
21421
45459
51309
107328
63555
100082
116718
63755
50372
52491
112431
109625
46126
64646
121445
43678
49704
101390
64506
141983
98809
65803
142398
102852
61918
126141
116074
119603
10240
117181
27263
47966
76532
11148
133066
138497
128487
135709
114941
113045
14679
143766
129145
34818
26540
13405
43595
60090
117872
53783
76317
91208
94400
130788
86400
141433
50671
93066
78091
21993
26781
37927
82174
66389
96430
69283
103979
15331
27579
12032
5925
83052
53341
136203
135376
91212
135199
26183
50757
11370
15198
12583
109034
125470
137221
23979
80658
26462
45219
128770
44603
33729
1727
32604
26434
28609
141040
26553
21901
98113
116352
74034
112757
53955
130427
82894
132828
96996
6375
35451
87940
139059
81487
135744
61762
125098
129074
58016
84818
137952
82673
101570
78333
67866
39598
71266
6494
139483
124909
115005
32132
85943
20543
5110
83375
6490
57862
27889
13917
7473
34949
56394
35552
96850
53968
4830
49844
116001
22133
70094
62399
55624
58759
6492
114922
135892
40589
123210
53837
44592
67397
16249
117861
24620
35176
2173
136740
112928
16822
46334
66300
108932
96360
85890
92605
100366
17837
59341
69325
115783
105308
43477
134360
106789
15059
59871
109570
98069
34639
54563
46787
46857
116869
53890
84445
127198
36919
55397
112352
129763
31303
8760
33336
35533
15276
2950
113779
65574
27222
77475
21842
92671
58148
143866
36124
14000
60164
77595
23262
79634
93739
42334
111080
7962
127869
16034
72704
82066
29747
81916
49801
10400
65272
62348
30926
71726
142355
84102
4875
130441
45949
106251
113521
75313
96491
27654
4562
85383
61773
61830
35520
66571
140779
42201
99690
80297
122561
98659
89852
22666
12936
67351
26562
45451
20326
50717
102160
56479
66053
37667
16534
84876
59904
54440
76807
111837
69995
98965
34241
138502
41175
90490
118126
87882
120071
3721
34204
24501
64793
129378
129961
37450
100763
98811
27291
24536
122254
90130
64322
84577
136781
70103
102638
117066
52676
83757
58294
58408
57530
127618
140140
118719
20278
10872
86466
36411
30055
118003
138366
83525
79967
59465
110827
86737
19720
30077
105425
79296
124340
107287
79359
23733
74248
1850
110845
62808
92078
97155
401
92099
50093
107125
4950
26765
130603
77477
60788
96765
106233
86235
75524
45326
33355
37694
69176
133874
131250
6590
50846
60206
61947
100287
85753
101649
34618
132421
101760
81643
114487
136348
88203
137476
141095
13279
37302
78613
7228
53868
30376
102062
1609
42486
16759
12913
23592
28494
30907
19728
131459
89674
34173
107094
135155
102512
86152
13208
100548
39427
143377
101722
72201
7040
75528
136280
70398
68224
131413
101785
108693
70292
87931
122606
63750
126784
127665
5162
94674
105219
15101
131924
131281
117960
107167
105070
132424
68610
17778
73114
29662
112197
128339
47947
31968
20840
38318
94212
91550
100277
74397
94508
98322
63205
15478
3931
39257
116438
27189
21112
86949
41645
131236
106986
143600
116597
20825
78626
55434
86615
93863
5821
70028
108979
121533
116759
33511
79190
97488
18469
104190
122732
24588
60187
90585
36774
77353
38873
95260
50813
143549
73389
90505
44853
135784
107743
91930
40639
103253
113847
63149
80563
11250
72759
34097
35614
121719
41327
76605
104858
67808
39090
102209
71572
56748
34498
90387
110347
67058
17588
138574
61923
57906
102177
48290
40410
25151
92036
76101
48090
29135
60987
127019
3815
73815
132932
92849
86806
134901
11035
70888
44552
46809
8876
115021
105469
89266
489
121588
69695
8002
116066
116801
85908
132798
89801
103381
86638
117843
22579
73408
60875
85753
112307
43293
33025
35999
4676
102818
131719
78800
45900
22860
111657
115638
43110
28265
65926
105218
75546
83115
68363
62596
74182
71381
14335
126995
64357
40306
7349
73633
87458
16117
27895
10699
94325
78108
19588
65520
9463
221
98549
85504
70990
111165
6683
21686
140730
81534
112990
62722
64818
40754
125349
140817
80177
71726
13756
100413
119110
142106
33741
100414
99390
4288
39565
129274
26210
49836
140273
39138
102481
21124
75463
82801
93910
69191
36764
11236
124209
1654
105295
68632
69621
128955
131027
80578
9421
119228
12271
56861
81814
110753
131545
7170
116324
55203
130654
36581
92727
98174
3445
34494
58453
22492
15646
37976
104297
94031
88255
50979
136647
84650
132676
107095
135882
23803
77674
42807
66764
9444
67454
117737
83595
80792
22657
63099
34642
108342
369
13348
36110
137702
126415
66670
83426
1287
142545
65889
94154
86349
80739
132752
75721
55579
92696
7971
119408
68688
117580
89096
41275
27985
126602
109219
51926
119538
134771
9382
86963
109573
32192
11185
61113
64294
86944
115301
116543
123144
105810
60963
114083
83530
112353
35058
143558
1562
81762
42058
138400
112599
34717
128164
110397
36228
72862
113618
13508
37654
133403
125694
73204
56553
32627
138960
113875
54978
115740
9204
1289
34190
66692
131552
93152
32190
132218
27838
127079
66177
23676
121544
70397
44085
82161
99522
80398
82891
43558
106804
27619
125205
3073
101769
130976
84115
67158
81166
96183
6741
127027
103793
78444
104854
136953
78723
61528
32757
127136
129461
19547
91236
76043
445
31985
30308
82124
4358
59338
130767
68438
48497
101724
136828
17428
43526
130644
82026
36635
123125
74262
17611
138761
132871
53780
58736
42940
117720
39543
114974
86295
10155
94060
37875
19379
125118
98161
40415
142956
71089
51104
48832
20251
127758
33669
38703
131174
35572
92608
55132
26200
15740
106162
42600
78404
115406
84892
134932
60841
84165
34608
113004
125941
65087
142398
82090
80154
28007
131336
24164
83954
12621
74535
98930
74726
99753
139772
296
86718
6020
102084
50571
74198
2197
133121
98768
16537
111563
44503
97804
64195
90052
3844
100269
8592
62357
49858
116880
126219
18816
59133
46198
126047
67803
105928
50488
88658
115938
126101
87313
135369
90318
106042
28514
49406
37771
143391
3332
7106
49182
102484
7796
46569
580
68769
93458
72740
9235
113258
34931
42640
34855
114568
111406
72686
32373
6671
5702
29456
21850
294
32791
93860
139171
54154
36093
38099
120268
36259
121435
7862
883
119149
132485
58815
74359
34582
57745
129176
65331
48159
64718
39980
76819
109864
21128
100033
76085
63397
54191
121343
51747
66922
138207
124993
116114
72197
10740
10866
24399
60903
140611
4904
98637
4503
65244
25812
132675
87163
56563
26295
116296
85691
140889
38524
80985
19877
26057
48369
76645
42887
115099
117678
87618
112659
99368
99509
27745
95709
118612
123820
45338
68069
104439
64264
140238
16255
96125
100188
136988
141952
14890
49710
76271
5763
110045
18254
44083
74457
10634
69734
124830
50523
11337
35458
92891
75167
77509
46305
133139
104707
68773
45724
66326
133565
141428
59837
26450
93684
121850
90542
97568
18776
61512
142504
131271
72855
55496
76877
77463
2982
143671
33300
103236
122466
22991
62964
83304
124072
19434
35932
54974
116531
142005
93786
143533
15958
126022
27241
121502
19601
97849
101186
120995
16788
104260
74725
130240
54462
56181
114306
140234
134867
55984
57245
121791
19466
56720
75025
123784
38620
134652
5339
140602
11152
108201
25202
39374
32889
62942
800
114472
79516
128967
103707
116846
80253
90471
81260
43342
34770
4436
41423
13374
94028
103718
141442
54126
15069
81712
92267
27745
140132
92440
108584
13022
58711
143969
60340
76616
29449
134237
64461
85440
11933
29570
113880
26164
127580
140532
81611
53167
110769
73423
1613
120087
107033
131007
115612
143777
59781
129751
82698
119714
80322
25904
141285
16120
143126
84513
36980
16899
94662
57304
64389
137385
37454
47779
20207
119809
141017
48486
134149
132138
92146
45055
60470
65734
115115
127118
62384
45253
61199
63132
69168
98357
121630
1044
65482
10705
23596
9243
113165
89184
29237
133572
21222
83088
83857
43296
56272
21955
10762
33040
140861
39421
107955
142082
116834
14097
86749
15868
110359
53197
87880
67416
113580
123468
27224
2001
5247
103559
142171
71527
23706
15207
41506
86081
107497
117038
119106
72323
18936
13505
26448
60138
128588
132905
109856
77336
24809
74583
50190
13027
120982
47674
63465
134052
113288
92193
22513
83622
34463
99202
40494
126101
32761
4868
101462
42782
123285
142567
72357
31001
116116
112627
104835
6804
111324
113191
1352
4576
98386
73801
89411
140371
65276
131095
40695
83494
104664
48248
84303
7120
15511
122867
3358
109453
49616
96512
6820
49472
17559
34349
92051
18760
47383
47156
108755
59176
61097
115356
42542
93705
116068
53617
53267
53805
35892
54410
110181
4224
47548
35821
16672
16862
106580
118180
12386
140533
57449
25373
87571
143864
11529
64605
55385
129967
62177
49337
98463
140364
84089
20220
143081
113631
119183
15343
71202
49023
6545
123390
130720
61993
13540
119764
45742
46979
15160
18197
65844
14204
74880
14030
116793
114277
103976
39667
47847
100577
129401
33704
132488
45494
53297
61406
91496
52912
65687
78704
49726
89303
109213
124136
78001
111363
32178
116422
43642
105477
96980
52906
53644
85721
88068
52623
132811
77038
27583
50205
84445
13270
52857
10042
134526
131677
53399
2365
68600
47936
132940
72652
94117
132971
62409
89351
35383
58910
79420
125255
85008
136908
66875
137990
8795
86842
126589
931
43643
124949
87230
132575
132462
14230
136641
84523
141374
39438
67180
141978
44059
23327
74037
15232
133161
139293
34939
508
117059
77991
44893
48771
10270
10472
22973
83980
31523
40446
143928
65895
3693
33198
128251
70550
44049
3693
21331
8956
115540
37145
61014
90902
97179
82776
102901
103960
68579
123717
139191
69032
84792
122409
54619
129597
118088
92281
82504
31387
129914
14434
105041
37745
7600
101665
9128
60854
113222
114383
70999
9137
34918
131113
123172
124442
49695
76097
62562
38752
85986
42682
143230
132664
34629
42282
131259
137649
51135
43059
100227
61726
63313
76618
47090
132035
113333
129511
113419
107508
142075
88869
110469
63178
121275
1324
120727
81991
111042
104644
42839
52936
22181
126657
36422
47848
75900
18469
110237
4857
128547
100673
7795
41682
53161
121489
120391
50527
93250
21815
88282
74042
62448
74781
28915
133553
65436
9940
58054
7454
117160
5444
36798
103890
99783
136038
15327
12065
137109
75649
11323
24820
63922
24132
18190
27421
47768
57195
121164
116084
2649
63296
116645
33258
75773
116728
62518
90592
43901
124884
53154
19763
67886
114922
81240
143823
39707
45527
34616
22331
10102
71261
67349
85271
21183
141690
69201
74134
1750
78793
40594
48792
41332
96720
32227
100024
75306
17834
113439
86217
55235
111246
75361
91201
27007
8672
107310
41522
102497
140604
34895
40578
89369
121982
46545
114475
65466
29889
15091
33972
141775
45989
94496
2611
133286
112571
18755
38461
5144
136467
78347
115717
117993
132915
11940
89750
82132
117238
79118
59390
51465
130385
92022
31964
103649
37658
15096
91181
49228
66875
4353
54828
94712
70222
22856
29865
130188
17528
14362
87307
13240
52473
55651
33538
45488
56785
55404
131448
795
136761
115027
50705
73852
142259
21763
32116
112006
51875
64981
137700
107572
6155
88254
40528
66992
67859
33679
14919
96391
2562
118302
126218
17507
142954
22822
2374
42084
62389
74355
3717
65639
113712
126308
76598
38225
24906
139810
22060
81015
68526
108366
91733
96054
99037
45872
138497
40518
80561
56368
31047
123653
136348
66900
80509
47715
124639
75331
33298
54405
21921
3533
38874
119970
112261
142825
44338
16782
25797
98172
17531
56074
139046
3256
8706
95832
31898
25005
8983
125285
109025
135068
119038
28490
7378
67700
65236
54383
133546
31015
56538
54946
23910
132847
117866
37016
124259
41578
115115
34157
16346
40508
103422
15990
124310
139183
27645
52939
112022
41436
106206
118295
96800
104053
121905
44738
91823
10713
83106
74368
42696
36803
53147
92021
54489
81093
84330
2389
24759
35312
5753
67274
10184
40669
11988
42966
319
83453
101724
109606
100414
88326
83251
86957
19198
54912
51729
93281
68035
17660
23481
34763
85073
7628
13694
122444
11999
10834
30488
132495
120299
46384
69219
48730
121807
128252
142658
98575
10483
107196
114036
6059
90597
87
71792
94104
108050
56356
45745
106566
124129
114291
62420
6338
6786
104803
20862
26209
14240
124332
68517
57703
115652
72223
38553
70570
117268
35560
29379
10870
121087
139609
11658
45997
30840
65798
41309
15487
108100
8061
140382
11546
14089
53108
107920
12041
67812
25720
100999
68677
134120
104077
93458
139074
57217
64319
44105
54795
69188
138036
67018
67020
120145
119066
23458
51746
29106
71979
49648
44740
51068
93330
143848
118395
94168
134722
71138
137436
2879
35737
50965
137531
88676
114943
141567
136844
21345
118730
68069
43942
134246
87237
114815
119938
21498
86321
75154
129384
67658
21899
59084
51758
115447
1815
113695
106394
48231
32622
95041
49499
126459
141464
51753
143843
134042
80564
128439
131193
122508
69519
45171
40253
27289
48457
79918
129993
47273
24382
5777
118898
90389
85909
133544
133522
32095
95552
125671
40764
16499
433
81935
63034
12929
71488
133434
95142
73333
119144
38667
73574
41769
113673
53805
70745
55123
16270
39894
14149
78401
106526
30626
75604
101201
83897
12668
26689
29594
98921
99962
87341
114116
100511
56322
78720
89468
74152
3242
18394
51499
34942
66471
48303
35136
106563
105947
126740
139267
90380
2463
106806
33206
92429
82027
95503
119643
126501
71172
126814
64170
102733
77339
82168
30932
3206
6039
113565
126158
53532
22353
57398
48228
116879
36860
82470
51068
3003
114430
134720
72106
105310
40589
16608
23650
101966
123316
8379
42547
87209
133618
142927
53352
90624
114189
103019
48002
39354
123044
28915
78945
85123
69156
117975
10542
18595
62002
46220
141893
60824
52284
34644
140725
18274
138774
7122
48046
128325
106997
94687
75276
114838
27693
105374
111723
53507
48704
103984
85170
68226
63322
6243
7117
100833
65614
7988
24075
48465
38384
62677
36064
92029
36087
116580
85906
78325
55735
12241
111742
70100
96876
116288
114488
75304
13367
52484
117732
117788
100443
32533
111130
60040
39481
38653
39474
89545
72910
76886
32377
34373
33903
97430
82188
11968
117734
136623
90898
54416
21996
67731
111640
64109
142523
121880
51647
36678
30815
57053
100100
22170
143780
12961
46099
21669
74873
13519
95174
128756
87683
37333
21545
65366
33413
37696
33887
78289
37429
77795
40423
88515
55704
63313
112238
115420
75118
139420
27093
68943
72824
44286
49635
28090
98630
142577
129378
40573
103207
123099
79806
1883
5726
30820
41937
134400
46145
131206
93282
41410
633
43502
72865
38719
126828
51078
11411
125625
116275
89810
76834
127258
132716
15235
105743
4021
73506
90464
95178
58977
142254
48654
24038
103747
9279
22076
89292
129237
109487
33962
40701
44532
48577
49922
1419
62437
59090
1165
28473
143099
26561
9221
104113
67545
67801
69068
28981
84408
46762
77000
56711
81535
90748
140328
47517
13607
64086
118771
25840
73787
132522
47264
2780
15995
126442
8663
111079
131496
120964
117421
110550
4231
65344
10674
122988
79175
57969
131795
14064
36056
136734
92296
108542
110911
112000
112942
23785
46528
86815
59237
39542
67748
68270
123107
104851
49326
75436
7211
80566
57921
21911
85108
130153
135818
71308
39659
122914
24534
8728
70448
135597
77347
4728
79154
50783
30561
123828
76686
135918
103028
88137
125935
104703
12990
55783
117835
59529
83331
32109
129035
102673
75457
95448
31218
143437
117767
29502
56338
125097
38781
114312
91665
56000
17580
115741
18841
63281
93956
138823
77349
117501
6086
11900
122021
11685
37823
134091
71277
61205
79921
70612
102540
77375
116580
93520
67709
70371
10054
129607
37027
142579
52061
103089
48674
59902
114177
104703
50891
54727
68302
106880
89955
90427
28826
63705
56001
4590
94399
67850
54610
88083
9589
97740
76083
26278
89832
115289
41655
110821
98969
55504
61103
87666
127938
74681
26189
28792
29528
17225
117811
59043
78436
19485
1245
16277
38693
21929
68575
143330
129638
124132
81665
117052
69083
62810
137399
130567
128476
84148
125604
52253
1105
29804
139502
78071
69211
9060
86476
19206
48855
87414
62217
85746
50258
111821
30761
24811
94059
44093
104241
33026
64088
94474
32040
78105
48939
93132
72191
30167
57792
78347
28373
72737
73177
84777
22864
100658
66542
100732
31722
40624
47798
33638
82522
28
143285
130673
96252
137375
45363
9686
129481
2551
45307
52925
118565
38947
126828
130265
137895
126574
66657
23291
102588
55484
125509
132397
74917
93037
28212
55994
91062
81954
77272
21252
1771
124726
23489
39825
127241
84243
87211
119928
92618
46855
39314
125853
13389
87334
5355
9413
74659
38700
70440
41729
1222
55588
128173
120199
122910
7145
14333
49044
34200
53654
85749
113814
23377
123619
132108
44265
113590
11874
21876
43724
22214
84912
79707
92118
117212
75909
134037
56423
138453
22823
57455
10657
124361
102612
45745
13995
118040
133538
24195
85324
68759
128684
8511
58051
97557
118913
74028
115351
107658
38476
81143
6921
110379
50326
64540
133859
46551
121646
97936
30160
122823
69470
112113
80391
17717
117656
45252
130800
22838
51548
55991
14023
22782
88686
125144
40505
122752
23927
139660
91716
114132
80754
4348
60747
126465
76103
70973
60693
4433
2055
52896
78740
117357
75998
21983
72065
52522
117724
3731
17849
96236
69707
127279
136716
105322
11626
26316
111290
127191
106428
49579
27140
53516
88909
82651
91024
91313
95781
97857
3220
90154
128600
122376
45810
33388
50818
103541
86107
50649
121105
44414
103102
103736
5005
41412
31111
103368
111192
97332
124471
11852
7522
71738
26170
128593
128274
62370
142644
26041
137669
11233
136094
59813
22299
95684
39126
48078
94649
45625
135849
3267
119081
71771
73654
51539
85225
6990
137220
48919
99679
2341
72279
129272
115445
544
77994
69393
12468
88092
135336
78756
118614
74107
88275
8840
13235
69674
16299
43311
74349
63479
54864
85768
83952
86101
125038
72820
85567
54105
67531
121165
28880
28105
12851
86213
66828
52584
27426
36215
72508
35178
4799
24635
140586
56532
96887
126465
95133
59654
127839
2883
101330
45674
17505
142488
27759
27991
96245
14051
31404
122922
93206
23198
23016
77673
52994
130091
79372
41529
98578
88597
21988
40826
99442
22478
47295
92093
47513
52250
9076
7280
74877
56419
34888
30606
38249
79428
20880
39210
107722
71176
58354
129758
32568
123976
15646
15143
49571
77823
40254
96004
63910
74938
64803
139385
140890
127274
93114
7196
61515
134237
9928
128601
85311
94965
21230
63984
104403
72116
83396
87852
103364
26863
81264
11761
141199
123311
98997
66023
106250
89673
84431
60069
90137
84873
66572
5991
82069
81906
133251
107425
54530
89140
217
110929
68881
98160
47787
99876
22011
113580
78007
21031
106770
23064
17171
12705
81264
118776
99951
68441
120943
24280
125911
73942
98949
27252
105193
88970
33720
30241
30870
111408
34987
14772
121385
27954
46849
52012
114289
25198
71120
127139
77806
47650
71846
120427
95889
82956
81105
28640
65806
98288
97040
67809
131831
18214
118781
63046
56691
123233
26369
120116
84812
91712
89918
141910
25668
122162
51764
58492
138669
38760
108493
6846
63507
112270
127356
14723
26742
27254
102332
41441
28834
100268
35484
1901
53816
67577
138646
124446
59785
57560
72414
131395
114882
99849
139336
89715
89832
61712
16453
119245
29589
9067
137808
133462
125868
83283
109820
45636
52418
2996
50218
12427
6831
92653
48880
106917
118291
77114
38977
104234
37313
25977
47772
143419
12712
102326
29455
99813
6062
4654
86572
40027
102028
14220
27870
140738
99012
7963
75636
117308
28466
11627
116922
127270
47066
729
8603
135897
8233
85022
78693
135719
29327
91541
2686
55668
95301
68209
67234
117109
102451
104847
133609
82501
109695
114018
130018
72277
23950
4809
137180
129441
57143
64455
19413
14599
32346
129918
120699
111052
1389
113985
27135
140995
52044
99359
38002
86752
58206
22343
90869
64116
76347
44901
76113
37886
101650
17008
93293
116840
132621
76604
43376
113752
17498
99121
122858
115119
124491
32877
110258
54179
110051
76208
119584
105633
45881
15522
71542
118536
19663
49978
70335
135937
7163
71713
30957
85296
53368
11527
4926
140502
123517
78675
127901
108970
45512
6009
106042
60984
69747
87889
76264
120873
40751
14601
70766
127876
37721
82353
115248
68468
74219
14697
25879
88535
68050
58812
44589
43944
140376
33446
70322
13735
65317
79200
84628
2591
109682
63236
87319
75639
17023
121270
101847
38745
89267
116191
22329
46728
130048
85052
63878
123543
15977
61064
131756
137791
35466
10524
47801
10223
83320
881
22663
7070
123414
79703
91702
46227
9680
47242
102691
112208
15398
69113
48996
41888
101803
124441
3629
1419
129009
57921
120480
132957
23453
116943
59999
44744
19721
125866
38484
121305
80492
129742
104756
137676
119143
115160
109991
138091
92474
84640
54963
28419
19247
138646
67220
243
135816
56104
2805
7797
143094
132777
27607
13748
137561
114589
55768
6518
122821
136775
22344
25735
36962
64124
125767
52893
21123
113785
85503
8182
45541
66005
28423
61527
90934
142630
66840
130723
22015
80599
113909
20532
18862
16953
143694
3641
84441
42727
28577
32135
141894
33263
121410
48120
89096
6584
78061
97641
62690
58059
32833
8194
102059
21466
7441
132275
120162
33333
133823
68912
105193
1599
94341
43674
5536
92085
30064
24946
54102
6382
58844
25983
56254
4864
98749
141006
77648
37753
88641
29489
57810
103136
26840
94724
99245
131078
4907
81972
4700
113605
115102
56406
98579
57351
31453
47652
92877
63469
49169
111196
110748
53389
130047
121131
131109
38114
127718
46667
81539
143030
25699
73967
91662
116751
85951
63463
97916
14418
70122
131979
109478
13455
27234
72126
107663
60277
48232
59330
132095
64210
123136
93943
73213
138297
140235
84504
99651
39669
129580
92172
104596
27039
138227
99878
121208
51533
141560
47519
33557
131240
51860
61855
141696
36143
65430
11925
14227
14801
3148
124620
120623
84956
112926
89919
64180
77728
135744
14041
34535
52901
57311
28101
115101
32225
133021
60153
49868
103711
120717
52595
140174
79319
121193
13273
61021
2786
68250
86914
84501
78243
52765
120018
29576
55675
100365
5116
35607
62305
41812
101640
61118
120913
122848
113406
112834
102025
86297
6352
99163
48003
78361
89125
22587
137462
106743
86148
32956
85824
30971
20076
119149
113081
140547
93407
132481
11402
78231
79054
41970
63278
128351
29274
43821
96329
100496
98185
122596
74976
4721
6843
82415
58051
93983
99118
1386
88248
53032
51070
83537
121335
136985
3574
113667
24299
51232
43076
39909
75174
32350
103020
9659
136665
124192
63395
100834
44067
72228
50592
20562
54194
61498
42317
50476
116561
67851
78935
112042
23285
13765
93172
33874
86008
1081
82022
24214
126458
141287
70321
54805
125215
123799
105584
124337
98264
7733
102210
51073
54406
136960
118012
137489
123191
25669
31543
19431
82246
54372
52858
51426
92061
24400
128143
81602
6823
101008
87196
83055
71334
143939
91097
22100
135732
13430
121410
137125
83239
121950
9822
103946
34854
127438
62724
58017
137087
64978
1394
137078
125112
37192
26120
105860
120417
65437
103793
106582
117088
8983
77390
54103
117598
101684
63038
27618
118601
126175
108735
39539
90301
130306
23118
108914
8281
10614
15970
52249
8764
71261
120603
34651
86811
143484
128286
71295
12707
22400
139587
44641
109257
131176
143416
113528
127987
59873
94082
78273
111
86713
42541
40270
123750
33586
19464
133858
30013
30329
80986
119909
8265
142408
24264
48824
71888
114056
45052
132561
46257
44071
26054
47226
68362
41066
115122
93802
41497
4534
18525
449
88735
56770
14125
82965
46607
87601
112635
124050
118261
33397
40463
47243
43256
142875
65978
111566
18661
55289
27236
74399
102033
131398
11487
16280
128784
66715
108141
100781
102134
78306
27503
21081
38285
36831
98733
24599
87644
89810
62370
46765
74518
38210
108134
50866
51218
41426
101153
121406
9379
27522
106182
72954
112638
26348
11677
22098
35434
80930
138630
97819
17195
46652
106063
87502
50006
71512
8942
91726
94990
45410
91313
71185
13731
51981
4086
4686
35729
19752
78796
88658
51653
117222
90115
86690
32191
21675
128953
9849
127721
140976
6888
24553
3091
61196
113961
133295
40785
51883
7686
6831
40653
97023
5755
98447
139085
52024
78130
25875
59984
27545
69999
103822
114313
11300
96184
125644
104977
548
35721
2445
53395
82888
26894
104442
56725
39800
121004
48996
141702
34902
72466
31893
88689
107072
28072
96734
73323
121263
110784
23454
81632
46661
129048
69087
3203
6665
47425
56065
33216
70551
4895
80309
12463
136298
45544
127921
94953
98960
115906
115141
95307
27915
34512
80466
102881
110565
101557
11901
122045
30758
19834
80547
73588
77199
43724
1278
48668
28486
8853
35568
114670
65565
114867
9099
105027
63109
92219
138853
8991
43769
65329
114880
27424
58700
29989
69626
92371
49596
4633
69336
124340
25992
94191
3842
138349
5056
76732
124878
64758
6575
13837
91424
23968
9663
80708
118261
5016
91533
122711
17738
86473
128825
51172
104238
105161
61672
126565
56377
94320
77021
74637
51824
5726
31751
119017
43025
34598
47612
94171
65178
3675
56316
46242
53266
8394
101692
6653
39486
40066
9161
23733
75600
33619
16140
31610
31861
109012
19910
32808
57756
122663
116218
38607
9195
61313
124781
41014
121151
134197
3676
71532
35569
67128
94242
9236
61537
83882
31405
6385
51087
13167
97034
73317
133580
96570
67992
126720
63442
110253
13866
53968
38869
37767
61373
12835
135250
1479
82771
31358
129843
61162
8654
23248
103222
127700
77794
6978
126736
141595
83430
37581
104901
8324
26523
72438
69200
30050
143858
83948
131595
65500
138248
71868
92046
121235
2750
20517
126527
83879
43697
132549
66775
63373
102942
101343
124577
125408
10400
65689
69677
37395
33207
104973
113965
93971
38846
91705
94888
122945
10625
143118
132099
43551
72556
111095
65290
83305
70712
102449
80586
21348
69283
32320
113890
117014
17190
29674
72258
84396
35994
76692
102686
31867
29406
91670
40428
58914
77647
109381
127821
53102
22448
76648
75449
19531
71412
18638
52123
35762
45217
124066
9158
77598
99633
96305
57078
86261
100290
120969
62288
43166
31228
87652
84517
60696
139947
102686
76593
41013
43176
52547
131524
9830
106239
125204
128196
130685
59833
75069
21790
101376
89376
19560
131629
47569
81777
48264
111059
78389
103388
134387
95403
50097
134129
21473
107718
137307
88118
98093
36791
136121
17959
127186
44107
33463
103769
50007
79415
127455
95711
46269
115969
71841
23367
38188
133528
89411
95755
110119
3474
7282
62831
107661
89612
136976
110234
126892
23571
99094
62691
102299
101839
58381
141568
119822
133765
143094
64709
104305
50509
124045
26275
50213
94176
83085
34422
26930
28480
99352
5944
26207
76099
9653
79015
124980
11444
85885
125058
127889
99859
8658
87459
38862
121348
63612
120704
32832
47560
61507
44892
60731
30862
65971
91628
75132
141371
82968
119698
112753
5070
55444
134235
86070
61209
42656
130776
77219
43478
13439
105264
7802
17236
71226
36105
113683
82209
56474
19657
43693
46633
76642
102788
91959
106819
45855
85050
17612
17669
17364
49262
76440
82989
6687
16066
15785
135559
91251
126903
27626
110675
91267
124871
35353
65961
132580
119049
51798
16741
128069
25433
102919
110385
56587
92796
134833
79398
94266
51520
11696
4788
125788
117998
71515
66448
110531
25283
16548
49257
19571
21445
16728
80296
39881
108118
92797
110197
60462
21150
124210
47749
68724
9251
139262
109431
114530
86848
7180
112070
87047
87808
70431
28766
46732
48246
11231
128214
126062
135617
32554
82597
20597
51309
55260
105818
66197
69374
82524
137688
49668
11764
27486
75783
72709
115473
90558
136027
66664
74388
14071
87161
107161
103347
81144
42312
49492
136332
93868
73521
84651
84224
44404
77300
135644
87241
67490
123092
73290
51320
21289
69785
103684
22902
82557
3083
79650
105209
118431
33303
77893
83247
18222
67753
8025
15314
81402
6977
57378
25241
1508
110336
132129
59671
87871
46064
19454
61527
41836
119574
34210
18977
143565
16949
57063
132058
10876
126700
34758
78215
124322
46048
92848
52731
13875
35322
77951
68478
37234
34158
83400
131450
139172
29606
46813
112107
126293
2290
142083
138725
131741
32389
75556
133209
50980
47567
51013
1950
129143
73265
83516
91805
58096
103039
16699
7663
30563
105722
52587
94816
108568
65471
115802
54328
95398
72054
106502
86659
84911
123130
73208
30490
16939
113314
138078
69788
44008
58907
39551
58492
122396
17462
143123
60915
85104
9996
64933
142697
26838
84422
108139
67315
109800
18477
136401
18090
5039
75296
107512
79835
92374
105585
65962
118550
143298
111341
57455
70256
19052
19890
66574
13
68878
75320
55459
117906
17156
104960
101016
118555
30503
90780
135249
85461
131303
121787
53881
101226
140816
24473
93286
3431
96993
108252
81655
36067
13888
67677
37339
20805
120794
45881
135763
44056
71102
90613
85050
139678
113573
108936
130942
57918
16539
98367
54123
134792
112557
70229
136747
34543
12723
43193
65357
5470
89884
59815
13644
49109
96678
10384
119838
50976
20358
44135
79396
75966
19160
76543
77585
18244
9104
21718
93431
4620
13090
40109
112246
112554
71488
108316
69759
45751
99304
137622
138551
26416
3206
20805
71088
23646
56692
139253
101557
63913
87757
106007
71848
24869
81740
64518
96023
27850
122480
79883
129041
62160
62673
38465
16108
76920
56304
141707
21376
39142
200
90259
135158
56109
97741
5434
18566
57579
11179
113670
51187
3979
60900
65775
39681
82777
44722
105758
56316
73249
69081
68941
16081
96283
27569
143208
123539
60252
56581
99212
114315
27169
72615
59682
31963
22463
122810
50066
33922
45297
76991
1664
121
69353
9575
120856
7240
115682
73551
100314
70978
65126
124893
94875
27303
28751
72116
15226
124057
73528
52749
64756
83345
3153
28636
63580
11531
23023
72987
109628
102312
114455
104992
62601
122822
68093
96143
28079
142291
69667
95991
60390
69698
117
22835
86829
23008
69783
99165
34807
56677
94154
65869
84670
16321
86186
34145
137190
80515
51859
73882
91954
88025
114001
100413
140210
39906
30925
65139
40712
63242
102186
77986
96113
72202
77946
130424
72965
96984
55059
82846
111046
12591
47457
44083
81043
44057
92273
87238
10232
70920
21829
49391
43192
73956
45598
52556
24436
67283
108532
34580
8022
39614
96159
116113
72056
139391
113044
124124
103770
89915
33815
16029
36528
59054
52120
122286
101974
19711
110158
111281
56395
99764
140748
53280
82311
119652
119617
95646
41293
28717
97233
84082
127505
54656
10557
86707
65306
110839
118573
73921
61629
105001
138838
97288
89423
56088
26243
7804
114934
89738
21530
7645
20533
45144
131760
67319
85249
40315
22183
93205
56533
58472
143046
104549
117987
37220
113623
94335
89986
58715
97050
85140
15681
131324
12533
17332
40029
98771
125732
41310
75949
65682
133628
123158
101400
71681
97076
33461
140884
20297
9571
44407
87720
124215
16857
3226
140226
18376
29221
115076
60245
2489
37374
74108
104639
9525
127369
134978
118766
68285
99590
143202
125623
36587
39965
128189
82573
67223
119007
112331
20014
84300
88738
122040
97323
17004
74774
89732
119002
89403
114769
51763
131859
132430
15684
132824
79214
114377
96809
45925
46049
68251
59131
43388
113152
70080
115956
79985
48356
139589
23537
12478
61100
92218
89254
100054
59898
60517
30973
39502
2697
39832
59977
41605
67121
49826
19115
67631
123093
67259
16264
3487
137026
74748
64521
118428
134476
114881
7627
58362
47554
130871
12250
125281
76265
31315
135295
7584
118668
120866
62432
644
27526
122344
89245
105167
51971
74681
33009
108889
102599
8260
61424
99075
100082
16803
100307
8387
16730
118907
73950
11401
92470
107274
91077
97887
71686
5104
106076
116157
18532
136953
108307
93329
102799
139627
133212
33303
71458
9817
17832
87732
22911
2343
33236
88815
133526
15454
27661
118226
135810
22982
83386
59672
69742
27691
97630
67077
134689
57081
120589
51257
29188
114085
32396
73393
88164
133236
53496
22224
35663
130326
94454
95971
142362
105907
86514
52952
111072
139258
6537
42154
125395
16149
142761
109144
122476
53373
114129
94099
72307
107656
39488
75187
35983
119291
117220
112373
38715
57198
69893
84682
86291
37471
85766
40987
46428
41496
46528
21782
39836
140743
139016
75607
106440
41383
29737
73088
100114
78744
57150
133131
143951
129827
51470
105950
137897
54423
114561
121816
48801
79344
10263
133648
8969
40738
46682
52746
47869
82798
48108
42249
110048
45642
99289
48370
20067
15932
63580
120275
122312
15699
117169
45103
49373
67252
72474
143497
119935
140785
120091
99554
78248
8216
139045
64871
104127
22778
35036
9574
9352
76595
128652
124916
37648
69321
34785
117112
127773
128199
124200
122594
84182
36687
95607
50185
26658
62355
9437
96581
108739
23845
124835
113872
100682
96444
106933
95402
12349
61074
58520
50957
89362
24527
109211
90553
71129
22006
68404
77072
78295
24893
116679
114907
132973
59880
46647
60263
113316
101938
128014
87759
32633
83418
33617
141674
78982
4197
3628
103802
34544
82625
117882
65248
92487
34020
91982
74585
100396
31588
96099
107076
3981
28300
53193
27957
80755
114159
68926
49617
137530
119532
121269
87026
57280
133743
81425
129866
35451
95851
127446
8068
75589
77029
11283
97819
110031
142869
7148
46391
102445
121030
94043
59411
3247
110911
105129
60909
14616
93296
39173
78166
120997
49766
31194
72967
72025
49875
91470
40179
87733
35664
122016
42645
81148
5650
78957
92043
84573
112927
92832
127003
20569
123271
141770
74677
10394
6662
49354
64840
45153
88245
50127
125535
53807
124680
70268
60742
1054
108350
20287
89628
17861
93640
105068
138333
78456
115855
88639
6142
100164
17113
124407
12713
35835
17833
35768
39603
7823
129276
13685
39880
32862
126456
143835
22969
41804
5451
10121
87994
121462
94972
33279
112255
108988
64275
103935
48794
23928
11963
138129
46555
59646
140001
57935
103529
100415
93217
11659
32913
80789
6350
136861
25842
68730
28776
33813
14284
113137
30397
90623
129174
104817
71473
124209
83365
107344
39089
102215
129361
26033
62479
37447
2782
45509
132842
42570
136492
4581
4654
56844
123396
121786
70368
129778
96312
25173
78066
55846
67986
16353
35517
71315
102712
88244
57739
113886
111820
71969
68348
143973
77961
29008
76395
27257
67323
14229
97901
17999
50005
94662
30927
57879
97654
18227
133317
60267
41946
51121
15529
116249
73330
108974
44859
87368
124253
54610
10025
108584
27760
42344
66745
42896
49943
19882
8928
138606
133400
88442
83071
125845
138229
103721
5525
26217
98850
28899
140726
69412
56921
49540
27833
76191
99364
98745
21271
132069
81124
139298
132451
54825
23486
132837
137501
70318
95982
45889
50773
68797
46872
4022
80628
26477
106347
31714
3955
1927
129250
42074
108322
55133
16703
117279
13840
136922
137413
50791
41603
16707
32710
81299
104807
52639
118087
81554
4102
7645
33823
78065
30197
116164
64457
81498
6128
11890
96780
27298
89158
10836
89686
14912
34885
85436
51332
100813
128063
113848
115139
62387
129868
64511
36721
79805
42691
41066
61149
108765
13317
1905
3026
88961
61098
32186
51742
138635
106707
66005
77361
129384
132943
52445
53077
111806
112392
107953
25360
116801
85751
21293
108487
62972
44808
98916
16180
120132
39583
30519
45721
113967
91235
124066
24260
53663
40468
79079
50867
1305
103854
95724
72708
130862
397
115198
96677
54566
117075
40006
80859
109599
143676
44028
127008
36651
18513
81457
13277
3934
131343
143052
31724
26271
39081
23937
129007
40942
48347
37674
139386
58762
75396
117542
96990
110183
28742
13181
75429
16034
136894
63233
21920
39978
4528
91993
42564
105642
17500
130747
7537
34977
85769
131995
107618
116254
76397
66674
37434
30293
33059
84450
128355
82950
31974
127766
66365
26579
75603
107102
47172
21190
88921
102856
47951
99592
124982
130953
28300
18857
132654
94608
143435
117819
141127
19083
40800
125906
25255
21926
125521
139525
45619
24312
98031
56163
12162
84783
96073
23861
9359
80468
114500
40263
26960
55923
44220
72107
93525
18687
133203
79960
128674
4366
133727
95726
89671
105872
111203
96715
116002
123999
112309
53658
100689
134842
56203
127732
21675
53982
87611
56667
86728
49871
128190
96973
28034
44806
14096
103162
126402
61859
37968
10346
12955
52349
929
17715
83753
117068
58342
1380
27021
104485
139808
59223
90434
78100
437
808
139560
129984
64147
78521
46924
75126
86373
50139
106291
101601
19444
28322
18170
115938
106009
66104
24560
40691
104344
30543
39848
14336
16285
81373
74137
23134
75755
135131
7794
392
139802
335
104014
105194
119823
51352
27396
102227
115758
116849
18910
75905
1661
58134
102859
40960
78269
139109
27466
49796
40954
31869
138167
49321
110177
32697
76350
122926
44705
140765
8619
109756
93565
130355
1215
136588
83371
54647
138524
83025
139140
81613
77196
88690
45853
139808
119136
32636
84133
102284
98803
92319
16402
45744
57490
54078
143138
133522
138889
45085
5545
66726
85408
41524
89161
87511
34453
76993
49619
4399
75739
76104
111923
14418
41745
129704
50825
72247
10642
46993
15395
96363
24194
2732
45316
82193
132116
47270
125993
72814
65348
70941
12001
116322
84342
102256
143774
53086
51087
137079
46880
106729
127128
10959
843
130739
127726
93743
70849
75787
82164
86840
132717
29431
72923
74097
64017
23036
86641
44325
121565
30505
44749
122004
104114
68390
36540
18212
46552
20654
93448
138065
69815
37121
45816
55797
102967
125578
44137
117597
82330
107463
55663
126453
141715
142923
122978
8139
102039
38936
7027
37420
113399
21834
19280
13971
35044
103637
12113
42120
89083
119099
14321
33802
119460
36199
10624
42083
85129
117712
93260
13944
138613
1009
29350
136573
83373
106993
74115
13848
75704
74853
16877
120005
57503
69599
44432
68325
8515
45841
81155
53730
36920
46285
29554
116049
26223
127999
116922
43096
68958
11222
81078
89806
80158
82418
120166
138512
118838
69087
116049
16689
2936
26979
52438
30213
36453
33802
5588
128682
912
14549
20636
130230
78668
74576
19494
86186
20949
48290
49405
126333
68745
99055
125404
106122
24268
109540
29241
49411
6279
98289
11533
138378
52456
122655
92603
14646
33333
6876
103343
45685
118225
118547
140035
82449
126022
141290
66662
11859
125753
116222
109819
116233
124682
48102
73100
4614
85069
94429
77431
13815
83396
18792
53625
92114
34186
31320
42088
53952
37426
130129
94484
78806
101201
32887
12871
2124
140422
24416
81185
137368
118305
66825
61999
75114
2
80753
23443
138026
134242
65020
121404
99292
45135
27973
53578
45416
129271
104799
81358
33036
125178
28972
53216
99566
142293
121135
10644
35991
7364
64072
91077
42835
60605
95871
60883
126035
47380
105495
14489
133620
115386
72802
4588
70647
66092
44998
31283
41366
61549
127564
49527
98072
46295
19878
21611
39000
37583
36034
94915
104884
88421
7530
6227
88929
44435
60847
45096
51564
66595
17036
2678
69157
58993
105031
137038
93257
1193
73111
84922
65140
68582
22656
36708
83538
103986
35716
94265
113514
64428
104005
23201
116409
40224
69931
6061
78386
98411
106367
127651
89110
27326
54851
59281
28174
142499
35115
92382
34322
62189
61430
24320
49485
87514
18608
86606
88692
117530
100522
22070
98514
137744
102948
47611
88088
58088
2447
129251
104767
123550
12048
117884
140982
67678
97753
64424
131168
136121
118120
33363
38041
71002
29529
100320
8634
111980
67160
13411
72103
59097
18787
142244
96112
47909
31357
117311
40250
83750
91527
122262
139248
87557
30082
140975
140627
52257
99701
32189
91300
91073
48593
64445
127879
47335
35702
42047
11587
8988
52160
46616
66436
96218
136234
48436
77711
76855
123126
72974
87069
129942
53056
7292
90181
113159
69293
875
131854
98845
72298
2278
89584
7247
86676
138976
76609
51038
31740
122072
2095
41848
9307
98827
75440
41285
132194
51994
37489
125952
94604
80324
92424
16707
60566
133367
129422
47470
38598
33135
86594
36467
18687
51817
3623
73615
66534
59254
105501
52464
119500
36413
64366
41365
133512
107007
79257
133764
25917
94725
134269
85895
84874
93512
46297
26115
9808
64222
110115
51040
102455
56415
114631
38642
58886
119264
46670
79893
2697
86829
67917
60486
19379
104965
82426
18044
75034
12647
2502
105362
5677
58435
138017
23133
120781
54786
127669
54010
73141
26212
30796
139037
28156
126514
51188
49156
135955
25219
135617
84471
88918
53171
12148
58910
7503
11599
132591
138386
117458
10060
33365
5219
21745
60152
8879
45025
1219
46667
14789
19579
143643
41037
41557
128419
54835
79342
86710
96713
22902
143070
77529
100998
79201
7129
80472
121026
15061
5025
136801
131088
19318
80629
53999
120548
79833
17446
77275
14888
39364
102393
66674
128689
140445
17905
42436
101148
135291
18387
277
142968
66143
5425
119286
108991
8441
125312
76750
989
63836
21637
132250
123444
98873
101125
98710
109661
100181
116541
30208
128882
143922
5112
8608
48756
115826
54340
20953
8544
14669
75503
141220
56566
33490
36234
128229
142809
113269
74503
127321
27847
121178
65604
107027
120415
126127
123157
44631
27538
72141
57785
45079
38432
31265
116220
22514
42758
131725
97557
88978
35768
76056
22230
103092
133073
137420
17327
122005
109851
35800
75626
29602
11077
72823
67356
114307
141948
58703
105174
42576
127969
140916
137504
27338
114035
55258
58646
21437
123654
84559
243
89853
73517
35138
128570
138027
65273
80282
39515
137374
17345
126289
83539
35249
71729
21313
27096
111762
62071
55664
79580
116964
65161
42599
61882
129281
135231
2064
75196
132545
28515
135523
23272
40546
38945
115769
5458
131417
37728
80969
62427
134839
57730
99561
126757
50993
116769
71633
81241
90031
35070
59074
75293
139125
112854
95453
87675
91789
105561
24753
114592
105921
38133
137849
101839
8567
94601
113892
31635
58561
60035
6095
37943
103253
68168
92859
28042
16817
15999
67565
118353
60634
10280
47317
53903
128795
54564
15520
19094
69123
63994
89707
1121
98776
33013
99352
126189
50070
116943
66486
114909
27483
98448
18017
72543
135386
68805
41211
124563
13301
89715
24473
43204
69760
37
66701
141760
126116
72529
16020
119216
131915
18781
120850
20396
107065
3290
52098
133142
44262
26940
25535
93609
73572
85352
134215
74076
6607
140142
45203
83639
93683
111266
122155
102954
116936
55703
24045
87816
45875
121566
64657
36669
97685
5810
7822
118492
28032
50733
28279
4429
106752
139628
42176
29115
57508
117282
95140
98652
139411
43236
131547
37599
71325
35817
22970
10473
21943
108313
130486
132705
63453
97725
103520
76929
94934
107458
121559
21200
111415
114335
70986
137507
139242
134568
78895
22684
59598
125396
7065
77517
19846
60898
130912
27438
74989
121211
70656
116893
60708
65526
26758
49968
89650
81273
902
65765
22451
45465
34045
83244
78630
124947
120709
15394
46174
57511
5866
71046
30316
134022
75210
28126
55179
1516
58053
135985
20272
122035
35282
141102
42830
6829
116692
35050
61069
78770
19585
91210
67522
9528
111554
8711
125965
3085
86355
47043
27901
11744
140694
46276
77265
64814
11020
91024
32777
141896
127617
120920
62070
140736
20707
11581
90038
85321
23412
106999
95681
133479
78911
19745
126215
117920
109101
18583
71190
114300
102245
52481
140608
13904
138325
44866
116451
131585
54937
47513
110048
101534
71025
40965
53822
65304
47927
66715
4670
92296
21952
111491
24583
26636
102409
57332
14085
9695
135604
18495
2051
15578
134753
105735
95535
60448
140674
57402
33532
79628
23933
71515
91833
96285
54586
114840
92412
136206
129516
16915
34916
32673
94284
62164
9017
82882
64571
16096
13897
42203
114448
142234
75525
21919
133456
138524
101084
99447
53355
46686
37777
89773
71203
126476
37725
24946
91285
14911
131710
62880
94122
36505
4619
22790
72239
99018
5665
68182
36852
141015
117712
127349
59732
86319
2034
26752
17895
484
7777
21235
99574
22522
109351
81934
65645
137879
121939
2581
91209
127352
43752
118381
1814
40989
75964
103078
26198
34178
94844
119946
11445
100160
98811
13321
51897
125411
109217
137869
107443
115507
42882
9748
22690
122457
50215
129236
110693
27208
12523
42431
22987
118007
8403
25044
140206
49921
23986
41484
5943
92857
50224
61450
71503
123722
74493
23174
98320
82124
27475
85619
72914
63589
69704
107378
130815
103715
28920
36356
104475
137549
48390
64230
94577
6251
68396
83664
105116
96193
139236
125488
73587
107423
9772
74212
102962
99937
15889
8830
15740
115043
6005
114056
127635
34520
99069
47637
120636
79131
136187
111614
81982
45633
50036
82106
12394
98278
49413
67800
94284
138444
25484
13833
126918
131820
35264
74157
125522
51311
117262
52126
17330
134922
28090
36890
80062
3318
127755
75137
75486
123531
35087
22309
18368
93839
604
103672
98182
119472
5910
140048
90297
6174
61278
73432
9615
29154
123193
96711
142470
11781
104630
81268
112723
104033
50723
24888
111151
57035
40744
115087
140871
102815
74236
12974
111978
35625
63571
108795
26886
24480
11065
119613
5010
92834
61777
78661
60647
128999
1057
65763
72764
102530
121750
121747
75144
20154
91314
37239
89945
92590
90698
22415
38730
88538
44955
14435
128650
115218
48254
129871
16834
8465
130417
117535
58986
19250
53371
134552
111792
28640
123240
62275
101485
125516
11561
15701
22777
46114
15770
123176
133236
121908
32281
8928
78011
52897
88394
88108
7872
22953
2474
50614
66042
87837
81267
142943
53669
51827
8034
122032
32652
37614
19445
73147
102136
93363
86428
30384
119020
73886
118749
104348
